0
1
3
5
8
10
14
14
20
24
27
31
36
36
40
44
52
56
59
65
66
75
73
81
86
86
95
104
99
109
119
123
120
136
140
145
147
156
165
163
175
176
180
183
200
203
204
215
221
222
217
233
240
249
255
252
260
274
283
280
277
294
296
311
310
313
320
331
336
350
351
359
361
374
373
391
383
396
405
409
415
428
428
431
451
450
465
461
470
472
485
479
492
496
502
527
525
529
538
552
545
553
562
570
585
575
582
593
603
614
620
627
631
647
640
663
660
670
680
688
692
692
706
708
713
724
726
727
746
748
752
765
763
786
791
790
803
811
814
827
835
836
847
864
842
879
887
888
886
899
902
921
929
927
939
945
952
959
971
984
979
976
1003
1005
1010
1033
1021
1039
1049
1043
1067
1074
1076
1075
1091
1093
1083
1100
1114
1129
1142
1150
1148
1165
1164
1182
1184
1188
1211
1206
1213
1221
1205
1238
1247
1251
1249
1256
1270
1281
1277
1296
1301
1322
1321
1349
1347
1342
1343
1367
1377
1380
1383
1391
1397
1401
1425
1418
1441
1448
1459
1452
1459
1478
1484
1493
1502
1502
1503
1509
1529
1534
1540
1550
1544
1553
1582
1587
1593
1600
1604
1603
1622
1632
1630
1650
1663
1678
1685
1680
1697
1688
1694
1720
1727
1730
1733
1739
1747
1734
1762
1765
1774
1772
1786
1811
1813
1812
1829
1847
1847
1861
1859
1867
1881
1905
1921
1901
1901
1918
1946
1959
1963
1952
1974
1990
1994
1990
2003
2014
2023
2028
2039
2042
2049
2063
2073
2086
2098
2108
2082
2097
2141
2128
2139
2146
2147
2155
2170
2202
2180
2204
2207
2218
2231
2249
2235
2265
2267
2287
2286
2282
2284
2298
2323
2307
2326
2334
2344
2367
2380
2369
2373
2379
2407
2414
2415
2420
2428
2444
2454
2461
2478
2462
2491
2497
2509
2515
2542
2525
2548
2536
2540
2561
2585
2569
2568
2585
2607
2613
2631
2613
2653
2642
2653
2674
2685
2681
2673
2702
2696
2713
2725
2740
2730
2761
2731
2741
2777
2774
2795
2825
2776
2800
2813
2844
2837
2833
2878
2863
2890
2895
2904
2896
2939
2919
2935
2938
2964
2957
2962
2956
2987
2974
2973
2999
3021
3043
3022
3032
3041
3063
3080
3095
3101
3101
3113
3125
3134
3127
3159
3158
3161
3181
3189
3172
3204
3190
3209
3245
3237
3212
3257
3272
3259
3284
3290
3302
3297
3325
3342
3324
3348
3364
3381
3356
3366
3390
3400
3404
3407
3427
3451
3438
3454
3453
3460
3487
3490
3476
3517
3514
3529
3516
3556
3555
3558
3565
3579
3593
3596
3611
3624
3627
3639
3646
3651
3667
3660
3684
3698
3687
3701
3726
3726
3733
3731
3755
3776
3772
3766
3791
3785
3800
3805
3832
3831
3825
3823
3862
3888
3870
3868
3890
3911
3905
3910
3930
3910
3949
3970
3950
3993
3989
3956
3993
4003
4002
4032
4039
4037
4054
4099
4084
4100
4096
4109
4102
4120
4136
4154
4155
4146
4164
4177
4190
4212
4197
4214
4216
4271
4249
4261
4276
4268
4272
4302
4296
4289
4319
4344
4345
4347
4354
4356
4387
4369
4407
4415
4420
4434
4446
4452
4429
4461
4476
4497
4483
4486
4518
4531
4531
4556
4568
4548
4570
4572
4571
4568
4593
4599
4633
4630
4649
4662
4665
4647
4661
4697
4715
4709
4704
4738
4723
4734
4761
4761
4766
4772
4783
4800
4832
4818
4859
4850
4875
4883
4836
4897
4909
4910
4902
4919
4917
4952
4936
4969
4963
4949
4976
5007
4965
5007
5008
5043
5044
5047
5077
5059
5098
5084
5090
5115
5119
5118
5134
5140
5148
5179
5195
5211
5186
5210
5218
5217
5232
5246
5252
5250
5273
5303
5268
5313
5342
5311
5320
5338
5311
5345
5346
5367
5368
5394
5396
5407
5419
5418
5412
5476
5488
5504
5477
5480
5501
5503
5540
5526
5563
5550
5554
5557
5583
5560
5590
5604
5620
5646
5611
5683
5614
5668
5663
5688
5692
5714
5728
5703
5763
5750
5749
5769
5775
5772
5769
5788
5778
5813
5841
5834
5863
5886
5843
5872
5878
5893
5906
5910
5934
5945
5934
5945
5984
5955
5982
6008
5984
6042
6043
6007
6024
6051
6040
6036
6089
6066
6081
6114
6105
6113
6107
6136
6163
6174
6171
6190
6177
6234
6209
6224
6221
6226
6263
6262
6279
6295
6286
6283
6289
6323
6327
6359
6370
6364
6360
6390
6404
6396
6392
6438
6424
6454
6449
6423
6474
6466
6462
6493
6500
6514
6507
6526
6552
6525
6532
6577
6571
6601
6592
6630
6619
6650
6638
6650
6658
6672
6700
6713
6708
6727
6728
6736
6755
6753
6762
6782
6775
6780
6776
6818
6806
6822
6843
6840
6854
6890
6881
6858
6861
6897
6891
6913
6952
6916
6974
6946
6978
6981
7008
6999
7006
7009
7014
7063
7086
7031
7089
7095
7098
7113
7109
7150
7118
7151
7150
7143
7164
7189
7188
7205
7196
7231
7230
7270
7235
7276
7243
7261
7289
7309
7335
7306
7343
7324
7365
7348
7372
7375
7398
7411
7406
7434
7414
7439
7470
7469
7473
7481
7489
7492
7507
7530
7528
7526
7581
7567
7572
7587
7593
7579
7634
7622
7603
7656
7646
7665
7672
7705
7710
7694
7723
7706
7730
7747
7749
7778
7753
7785
7777
7791
7780
7817
7864
7836
7811
7829
7850
7859
7899
7884
7897
7920
7932
7936
7971
7979
7953
7978
7961
7995
7998
8031
8041
8040
8074
8046
8064
8070
8053
8104
8132
8127
8102
8145
8165
8148
8164
8219
8182
8207
8193
8226
8231
8229
8264
8253
8254
8274
8261
8290
8321
8329
8308
8349
8340
8380
8347
8417
8385
8401
8408
8417
8447
8437
8456
8434
8483
8506
8494
8487
8545
8503
8531
8542
8523
8588
8563
8573
8609
8576
8640
8622
8649
8624
8646
8651
8648
8687
8714
8701
8676