0 0
1 0
2 1
4 2
11 7
9 6
11 7
12 7
15 9
18 12
14 7
22 14
25 18
21 12
39 28
48 36
44 32
50 39
38 24
29 17
57 43
79 66
52 38
59 44
108 93
52 37
64 48
69 50
75 55
83 63
97 77
94 73
99 78
90 68
78 55
95 73
118 94
125 98
119 94
107 83
118 90
117 88
154 124
115 85
97 69
210 180
135 105
165 134
224 190
148 113
144 110
189 155
142 106
166 131
202 164
180 143
180 143
205 165
245 207
290 250
230 188
178 137
208 166
193 153
191 146
250 206
319 276
221 176
218 174
252 206
217 173
236 188
236 189
361 311
325 276
251 198
278 231
290 239
399 349
298 250
375 320
381 324
370 316
284 229
306 247
304 249
356 298
329 269
369 308
311 248
361 299
365 305
423 361
398 337
298 236
347 284
399 338
379 314
375 307
401 335
300 234
387 318
412 345
416 345
351 282
389 314
513 444
366 297
413 340
473 406
613 538
448 377
400 325
637 561
401 325
524 449
445 367
451 372
574 492
463 385
487 404
578 494
702 622
484 399
478 396
534 452
575 489
583 495
561 473
465 377
678 591
572 482
511 423
582 494
511 424
541 452
617 527
559 471
652 560
669 578
504 410
582 488
539 441
606 512
634 539
584 489
603 507
687 590
618 517
702 608
695 596
473 374
754 647
632 532
851 751
655 555
624 519
612 504
835 729
787 681
704 596
848 743
568 462
815 702
699 591
802 694
627 519
714 603
651 539
808 697
757 641
789 676
791 675
620 505
874 755
716 598
809 689
969 850
648 526
934 816
821 704
770 650
972 850
1038 915
993 871
1094 969
1101 975
1096 972
848 723
880 745
885 760
795 662
1093 965
976 847
763 632
1161 1034
1079 950
863 731
994 859
850 713
975 845
886 753
856 717
940 808
827 697
937 804
962 825
903 763
1184 1045
1218 1081
1005 860
821 680
1126 981
917 775
1219 1077
826 682
1178 1031
1085 941
1098 950
1226 1079
943 794
915 766
1101 954
1045 895
1124 971
1194 1042
949 796
984 835
1013 860
944 788
1286 1128
1346 1191
1011 858
1057 911
1062 903
1012 858
1270 1111
934 775
1186 1025
1215 1057
1124 967
998 841
1059 891
1266 1103
1229 1066
1489 1326
1046 878
1298 1130
1171 1010
1048 880
1153 979
1297 1132
1075 906
1184 1017
1378 1212
1122 950
1168 1000
1238 1069
1157 991
1100 930
1381 1203
1474 1304
1477 1305
1186 1011
1378 1207
1346 1170
1171 999
1193 1014
1897 1714
1471 1297
1479 1310
1361 1174
1279 1100
1243 1053
1608 1424
1364 1182
1446 1264
1147 960
1210 1022
1344 1164
1357 1167
1745 1556
1352 1168
1450 1264
1183 998
1621 1426
1601 1406
1531 1340
1311 1123
1465 1276
1514 1312
1658 1464
1547 1350
1489 1290
1691 1490
1370 1174
1448 1249
1526 1328
2003 1805
1363 1168
1203 999
1841 1640
1572 1372
1515 1307
1307 1102
1559 1352
1604 1402
1367 1162
1379 1174
1447 1244
1696 1488
1692 1483
1527 1314
1654 1442
1378 1172
1435 1225
1478 1269
1458 1246
1613 1403
1550 1342
1660 1447
1413 1199
1581 1370
1491 1276
1489 1274
1628 1420
1712 1489
1745 1522
1693 1479
1500 1279
1605 1386
1990 1771
1517 1295
1547 1326
1628 1406
1426 1206
2022 1797
2387 2162
1509 1281
1651 1419
1805 1584
1808 1578
1666 1438
1968 1741
1472 1255
2153 1919
1872 1642
1643 1412
1592 1366
2076 1841
1776 1541
1817 1585
2210 1969
1892 1647
1680 1446
1786 1539
1934 1690
1734 1496
1826 1588
1817 1572
2278 2034
1925 1687
2249 2008
2362 2121
2085 1830
1981 1739
2228 1974
2118 1875
2321 2074
1920 1672
1933 1683
2019 1780
1945 1696
2242 1992
2055 1807
1623 1370
1986 1733
2566 2308
1906 1660
2012 1756
2114 1861
1866 1611
1913 1654
1687 1432
2105 1845
2113 1861
2084 1828
1995 1730
2339 2078
2026 1769
2113 1858
1925 1657
2593 2327
2247 1982
2192 1932
2056 1792
2013 1742
1936 1662
2154 1890
2195 1932
1792 1519
2128 1865
2410 2130
2264 1994
1964 1696
2002 1735
2048 1783
1889 1615
2348 2079
2749 2471
2367 2094
1856 1574
1837 1562
2081 1808
2410 2136
2047 1769
1964 1686
1960 1689
1883 1606
1859 1585
1950 1682
2427 2140
2419 2131
2674 2384
2461 2171
2755 2474
2675 2384
2722 2432
3109 2827
2522 2241
2451 2168
2621 2339
2206 1917
2136 1847
2198 1907
3014 2716
2179 1891
2231 1936
2338 2045
2076 1781
2060 1771
2480 2180
2354 2051
2624 2331
2290 1992
2642 2343
2403 2114
2279 1978
2773 2482
2196 1895
2644 2341
2361 2047
2536 2233
2619 2311
2356 2059
2299 1994
2728 2425
2322 2010
2325 2020
2361 2050
2427 2122
2404 2092
2355 2044
2625 2319
2645 2335
2685 2379
2732 2417
2468 2159
2784 2471
2537 2224
3262 2949
2820 2510
2792 2474
2267 1956
2374 2051
2614 2301
2610 2294
2561 2235
1999 1686
2923 2608
2278 1955
2704 2379
3135 2813
2941 2620
2644 2322
2818 2499
2407 2084
2817 2484
2505 2178
2934 2596
2784 2450
2647 2331
2688 2362
3133 2796
2615 2284
3417 3088
2630 2294
2547 2207
3080 2746
2874 2545
2484 2156
2826 2489
3409 3070
3247 2912
2554 2221
2756 2418
2663 2323
2844 2511
3124 2783
3077 2729
2918 2571
3278 2938
3097 2754
3058 2715
3095 2750
3476 3130
3215 2861
3273 2922
3278 2935
2525 2174
2987 2642
2957 2599
2949 2588
2996 2643
2912 2563
2292 1941
3285 2937
3072 2725
2679 2320
3054 2704
3247 2898
2871 2513
3183 2823
2929 2568
3538 3184
3313 2966
3481 3119
3306 2951
2936 2573
2974 2613
3570 3204
3266 2901
3371 3011
3500 3131
2577 2211
2944 2572
2964 2606
2742 2366
3075 2708
3345 2982
3066 2696
2819 2449
2961 2593
2874 2503
3767 3401
2818 2448
4202 3819
2971 2601
3657 3285
3209 2839
3036 2665
3379 2996
3657 3274
3532 3161
3491 3111
3292 2914
3407 3030
3219 2836
3583 3210
3935 3547
3485 3097
3300 2925
4247 3864
2767 2379
3850 3464
3265 2873
3498 3106
3620 3231
2627 2235
3299 2912
3611 3220
3013 2630
3226 2843
3590 3199
2893 2498
3455 3068
3561 3165
3437 3054
3499 3095
3488 3098
3380 2992
3301 2902
3567 3161
3199 2807
3329 2935
3446 3055
4000 3603
3372 2970
3248 2847
3317 2907
4299 3891
3855 3450
3535 3126
4571 4165
3642 3233
3434 3026
3191 2782
3406 3003
3105 2695
3874 3463
3327 2914
3457 3049
3625 3220
3614 3205
3506 3096
3654 3238
3532 3118
3338 2922
3308 2902
3237 2829
3700 3283
3495 3085
3449 3041
3498 3078
3886 3460
3439 3029
3380 2958
3809 3394
3821 3402
3362 2942
3144 2720
3625 3193
3281 2867
4346 3912
3712 3290
3916 3481
3974 3552
3142 2716
3265 2837
4010 3579
3727 3290
3843 3411
3247 2816
3649 3223
3813 3390
4195 3764
3742 3312
3899 3475
3638 3201
3498 3052
3296 2860
4030 3581
3880 3436
3964 3522
3786 3342
4315 3876
3387 2938
4055 3627
4579 4137
3417 2969
3530 3085
3273 2828
4402 3963
3983 3530
4208 3763
3997 3546
3382 2934
3152 2707
4201 3739
3401 2945
3691 3239
3589 3141
4288 3844
4159 3702
3372 2917
3351 2897
3760 3301
3659 3208
3957 3498
3854 3393
4729 4280
4576 4136
3830 3374
3614 3154
4724 4268
4539 4085
4638 4176
4250 3788
3958 3494
4185 3715
4190 3727
3610 3137
4075 3620
4405 3940
4458 3983
3757 3286
3911 3450
4641 4176
3925 3449
4040 3573
4613 4141
3894 3418
3647 3174
3904 3429
5162 4690
4345 3882
4334 3857
4496 4014
3893 3419
4583 4106
4184 3713
4747 4273
4557 4074
4323 3851
4510 4030
4369 3889
4526 4043
4135 3651
3897 3412
4495 4008
4261 3779
5147 4657
5227 4734
4151 3664
4319 3839
4484 3998
4472 3984
4616 4130
4772 4278
5050 4562
4162 3678
3810 3308
5106 4625
5129 4641
4210 3712
4646 4160
4539 4047
3929 3439
4413 3914
4300 3799
4586 4083
4767 4263
4076 3568
3986 3490
4533 4032
4745 4239
5159 4650
5204 4702
4630 4122
4046 3542
4242 3738
5103 4596
4479 3977
4149 3638
4646 4141
4398 3893
4542 4015
4916 4403
4920 4410
4783 4269
4976 4473
3922 3414
4611 4095
4546 4028
4867 4351
4684 4167
4078 3571
4351 3840
4362 3842
5043 4528
4653 4133
4907 4390
4530 4008
4058 3532
4270 3748
4287 3758
5387 4856
4362 3855
4670 4138
4963 4434
5453 4920
4340 3798
4635 4102
5616 5079
5149 4620
4757 4228
3967 3438
4908 4365
4237 3714
4554 4033
4110 3588
4226 3693
5250 4714
4342 3798
4749 4214
4861 4316
4717 4179
4728 4185
4528 3993
6129 5589
4876 4339
4227 3686
4785 4248
5140 4598
4816 4277
4246 3700
6509 5962
4697 4148
5726 5185
5092 4541
4795 4246
5347 4807
5306 4766
4689 4141
5029 4483
4744 4187
4406 3850
4668 4110
4187 3649
5344 4788
5537 4984
5251 4708
4906 4350
5262 4705
4594 4046
4535 3983
5435 4879
4743 4198
4996 4444
4558 3989
5167 4616
5243 4681
5059 4502
5698 5143
5353 4790
6888 6325
5509 4950
5982 5422
5135 4575
4936 4374
4691 4132
5124 4562
4270 3708
6178 5605
4966 4392
5557 4991
6009 5433
5345 4770
4934 4366
4997 4429
4782 4219
5904 5317
5406 4833
5276 4700
5320 4748
4577 4004
5439 4864
5536 4950
5547 4963
4417 3850
4850 4271
5814 5238
5619 5043
6110 5533
4569 3986
4760 4182
5552 4972
6647 6053
5581 4995
4883 4296
4665 4086
6278 5695
4612 4021
6814 6240
5914 5326
6266 5675
5255 4667
6042 5452
5141 4537
5373 4783
4592 3998
5688 5100
5691 5102
4840 4245
5051 4449
5297 4701
5177 4575
6037 5448
5354 4756
4665 4067
5366 4765
5845 5249
5383 4789
5791 5196
5461 4863
6124 5518
4543 3947
5339 4729
5473 4862
5969 5347
5178 4572
5312 4699
4594 3990
6229 5621
6266 5661
6478 5874
5297 4680
4827 4215
5785 5166
5790 5168
6417 5803
5742 5114
5023 4412
5543 4928
6002 5376
5152 4515
5702 5089
5688 5075
5645 5023
5508 4895
5797 5177
5418 4796
6212 5583
6656 6022
6272 5647
5541 4911
5922 5291
5272 4643
7417 6799
5815 5183
6615 5974
5545 4914
5296 4667
6346 5709
5261 4624
5056 4426
5687 5059
5986 5356
7459 6828
5683 5029
5546 4903
6044 5408
6022 5392
5576 4937
6263 5625
6641 6006
6932 6294
6464 5823
6118 5470
5501 4848
6078 5422
6068 5424
5913 5271
6099 5452
5195 4547
6547 5898
5935 5280
6229 5577
6311 5665
5107 4453
5984 5328
5406 4763
5775 5117
5291 4636
5694 5054
5941 5281
6122 5477
5807 5157
6049 5400
6163 5508
6887 6229
6760 6097
6495 5836
6969 6301
6370 5700
6393 5729
6957 6296
5792 5131
5886 5227
6281 5614
6369 5701
6408 5737
5471 4813
6804 6136
8716 8049
6662 5992
7532 6856
5738 5064
5686 5017
6330 5655
6950 6292
6120 5448
6062 5385
6590 5929
7023 6349
6798 6125
6343 5674
6318 5639
6426 5752
7134 6453